C                    X(m)       Y(m)       Z(m)        L(deg)      B(deg)       H(m)  lambda(deg)  phi(deg)
C-----------------------------------------------------------------------------------------------------------------------------------------
  808 0907 7900 8        0.00        0.00        0.00 101.1818650  25.5280006 1999.60 101.1818650  25.5280006                   YAOA-GDZTZ
  808 0907 7901 8        0.00        0.00        0.00 101.1818650  25.5280006 1999.60 101.1818650  25.5280006                   YAOA-GDZTZ
  808 0907 7902 8        0.00        0.00        0.00 101.1818650  25.5280006 1999.60 101.1818650  25.5280006                   YAOA-GDZTZ
  808 0907 7903 8        0.00        0.00        0.00 101.1818650  25.5280006 1999.60 101.1818650  25.5280006                   YAOA-GDZTZ
  808 0907 7904 8        0.00        0.00        0.00 101.1818650  25.5280006 1999.60 101.1818650  25.5280006                   YAOA-GDZTZ
  808 0907 7905 8        0.00        0.00        0.00 101.1818650  25.5280006 1999.60 101.1818650  25.5280006                   YAOA-GDZTZ
  808 0907 7906 8        0.00        0.00        0.00 101.1818650  25.5280006 1999.60 101.1818650  25.5280006                   YAOA-GDZTZ
  808 0907 7907 8        0.00        0.00        0.00 101.1818650  25.5280006 1999.60 101.1818650  25.5280006                   YAOA-GDZTZ
  808 0907 7908 8        0.00        0.00        0.00 101.1818650  25.5280006 1999.60 101.1818650  25.5280006                   YAOA-GDZTZ
  808 0907 7909 8        0.00        0.00        0.00 101.1818650  25.5280006 1999.60 101.1818650  25.5280006                   YAOA-GDZTZ
  808 0907 7910 8        0.00        0.00        0.00 101.1818650  25.5280006 1999.60 101.1818650  25.5280006                   YAOA-GDZTZ            
  808 0907 7911 8        0.00        0.00        0.00 101.1818650  25.5280006 1999.60 101.1818650  25.5280006                   YAOA-GDZTZ            
  808 0907 7912 8        0.00        0.00        0.00 101.1818650  25.5280006 1999.60 101.1818650  25.5280006                   YAOA-GDZTZ            
  808 0907 7913 8        0.00        0.00        0.00 101.1817000  25.5267000 2020.00 101.1817000  25.5267000                   YAOA-GDZTZ            
  808 0907 7914 8        0.00        0.00        0.00 101.1817000  25.5267000 2020.00 101.1817000  25.5267000                   YAOA-GDZTZ    
C END
